0 26
1 219
2 698
3 518
4 720
5 360
6 861
7 992
8 423
9 546
10 660
11 502
12 523
13 467
14 244
15 288
16 313
17 141
18 223
19 219
20 621
21 381
22 607
23 880
24 944
25 961
26 912
27 169
28 909
29 878
30 466
31 436
32 782
33 177
34 880
35 993
36 896
37 489
38 311
39 580
40 371
41 599
42 644
43 218
44 162
45 73
46 948
47 722
48 567
49 222
50 602
51 27
52 558
53 452
54 293
55 400
56 925
57 347
58 704
59 568
60 46
61 688
62 59
63 738
64 279
65 959
66 857
67 540
68 340
69 799
70 90
71 912
72 801
73 303
74 914
75 69
76 762
77 998
78 288
79 753
80 69
81 865
82 351
83 132
84 969
85 761
86 373
87 860
88 931
89 171
90 980
91 17
92 468
93 298
94 944
95 858
96 203
97 128
98 283
99 595
100 66
101 237
102 555
103 674
104 488
105 820
106 233
107 388
108 684
109 588
110 796
111 966
112 635
113 972
114 681
115 701
116 174
117 308
118 586
119 78
120 655
121 506
122 676
123 308
124 70
125 30
126 156
127 156
128 86
129 895
130 295
131 464
132 416
133 773
134 450
135 298
136 141
137 247
138 851
139 230
140 90
141 698
142 904
143 869
144 127
145 314
146 559
147 372
148 284
149 230
150 843
151 364
152 957
153 865
154 21
155 344
156 46
157 107
158 950
159 442
160 766
161 120
162 119
163 92
164 52
165 184
166 546
167 13
168 935
169 181
170 170
171 705
172 1
173 35
174 642
175 505
176 39
177 650
178 431
179 148
180 322
181 700
182 991
183 690
184 517
185 882
186 319
187 588
188 71
189 120
190 615
191 708
192 102
193 559
194 919
195 73
196 199
197 83
198 518
199 143
200 280
201 531
202 657
203 557
204 602
205 753
206 579
207 312
208 332
209 109
210 205
211 533
212 591
213 93
214 821
215 119
216 731
217 256
218 992
219 770
220 726
221 748
222 551
223 116
224 931
225 368
226 902
227 922
228 142
229 204
230 85
231 654
232 845
233 583
234 13
235 993
236 795
237 299
238 25
239 236
240 528
241 813
242 474
243 931
244 290
245 386
246 322
247 469
248 863
249 938
250 871
251 844
252 187
253 728
254 589
255 233
256 289
257 853
258 668
259 590
260 960
261 934
262 389
263 952
264 838
265 310
266 583
267 760
268 7
269 507
270 475
271 87
272 36
273 752
274 998
275 283
276 382
277 820
278 199
279 245
280 442
281 567
282 736
283 184
284 149
285 77
286 561
287 516
288 862
289 471
290 815
291 231
292 531
293 93
294 631
295 929
296 523
297 941
298 26
299 477
300 248
301 942
302 304
303 150
304 750
305 913
306 427
307 958
308 714
309 804
310 622
311 804
312 915
313 163
314 102
315 48
316 9
317 558
318 123
319 45
320 706
321 82
322 792
323 217
324 766
325 969
326 955
327 265
328 2
329 770
330 228
331 212
332 411
333 497
334 715
335 49
336 879
337 653
338 280
339 898
340 387
341 74
342 240
343 783
344 541
345 61
346 264
347 272
348 297
349 403
350 824
351 514
352 204
353 449
354 997
355 406
356 106
357 599
358 582
359 973
360 231
361 221
362 464
363 314
364 833
365 233
366 936
367 856
368 34
369 329
370 176
371 8
372 369
373 100
374 441
375 770
376 545
377 102
378 585
379 235
380 356
381 280
382 430
383 461
384 283
385 989
386 137
387 659
388 264
389 301
390 191
391 197
392 304
393 163
394 819
395 488
396 96
397 480
398 662
399 446
400 570
401 169
402 308
403 796
404 366
405 744
406 857
407 228
408 517
409 72
410 37
411 53
412 274
413 513
414 494
415 756
416 870
417 774
418 821
419 606
420 219
421 456
422 557
423 259
424 969
425 469
426 849
427 126
428 86
429 177
430 758
431 116
432 166
433 401
434 168
435 267
436 941
437 165
438 124
439 665
440 60
441 387
442 988
443 38
444 62
445 556
446 175
447 334
448 608
449 782
450 422
451 661
452 460
453 541
454 431
455 962
456 406
457 835
458 497
459 888
460 300
461 469
462 200
463 440
464 669
465 629
466 532
467 62
468 881
469 978
470 893
471 61
472 688
473 37
474 245
475 405
476 88
477 706
478 316
479 185
480 816
481 398
482 174
483 293
484 477
485 410
486 676
487 129
488 254
489 839
490 256
491 528
492 396
493 550
494 272
495 380
496 175
497 456
498 680
499 855
500 814
501 661
502 86
503 536
504 979
505 769
506 346
507 218
508 754
509 78
510 757
511 585
512 703
513 165
514 525
515 536
516 504
517 829
518 652
519 409
520 879
521 259
522 589
523 976
524 4
525 759
526 15
527 646
528 369
529 366
530 881
531 986
532 81
533 211
534 406
535 278
536 972
537 529
538 93
539 601
540 431
541 823
542 911
543 581
544 828
545 786
546 741
547 763
548 516
549 256
550 846
551 321
552 904
553 631
554 590
555 662
556 779
557 926
558 921
559 309
560 111
561 844
562 111
563 360
564 850
565 55
566 96
567 711
568 817
569 149
570 349
571 191
572 636
573 596
574 585
575 731
576 810
577 374
578 759
579 697
580 467
581 871
582 757
583 552
584 981
585 66
586 899
587 103
588 707
589 963
590 880
591 658
592 273
593 754
594 41
595 587
596 486
597 200
598 947
599 922
600 675
601 286
602 74
603 839
604 462
605 279
606 51
607 85
608 297
609 951
610 286
611 680
612 787
613 864
614 33
615 506
616 818
617 315
618 870
619 726
620 662
621 713
622 374
623 313
624 828
625 966
626 255
627 371
628 168
629 649
630 557
631 332
632 865
633 609
634 619
635 567
636 265
637 948
638 366
639 421
640 169
641 202
642 157
643 189
644 125
645 964
646 851
647 100
648 448
649 77
650 983
651 949
652 211
653 42
654 929
655 584
656 183
657 231
658 737
659 153
660 762
661 51
662 842
663 617
664 269
665 241
666 260
667 772
668 586
669 94
670 945
671 734
672 7
673 477
674 932
675 602
676 337
677 217
678 553
679 815
680 758
681 567
682 510
683 508
684 667
685 182
686 805
687 79
688 768
689 307
690 589
691 3
692 930
693 612
694 791
695 884
696 973
697 444
698 995
699 677
700 339
701 93
702 383
703 964
704 801
705 36
706 752
707 218
708 739
709 29
710 528
711 990
712 262
713 330
714 433
715 42
716 400
717 332
718 947
719 572
720 873
721 336
722 15
723 763
724 508
725 252
726 476
727 93
728 175
729 558
730 577
731 38
732 237
733 924
734 521
735 990
736 912
737 558
738 440
739 519
740 588
741 435
742 347
743 372
744 128
745 300
746 601
747 915
748 388
749 496
750 177
751 104
752 735
753 467
754 546
755 435
756 117
757 12
758 313
759 730
760 328
761 191
762 810
763 101
764 475
765 142
766 775
767 859
768 286
769 884
770 857
771 688
772 837
773 644
774 148
775 915
776 446
777 117
778 156
779 299
780 24
781 581
782 643
783 350
784 875
785 737
786 521
787 825
788 35
789 708
790 569
791 726
792 543
793 658
794 86
795 797
796 658
797 94
798 701
799 274
800 916
801 25
802 498
803 377
804 118
805 811
806 266
807 825
808 758
809 692
810 189
811 503
812 173
813 744
814 518
815 225
816 683
817 192
818 808
819 436
820 313
821 844
822 121
823 637
824 238
825 665
826 175
827 206
828 987
829 390
830 820
831 330
832 551
833 409
834 350
835 723
836 994
837 74
838 121
839 860
840 832
841 14
842 659
843 552
844 476
845 979
846 938
847 748
848 259
849 266
850 786
851 606
852 146
853 765
854 463
855 60
856 35
857 253
858 268
859 254
860 683
861 625
862 689
863 497
864 661
865 380
866 993
867 614
868 446
869 838
870 348
871 877
872 685
873 221
874 559
875 14
876 907
877 972
878 208
879 149
880 495
881 405
882 574
883 902
884 487
885 66
886 969
887 312
888 913
889 984
890 261
891 673
892 674
893 346
894 219
895 857
896 645
897 957
898 951
899 206
900 617
901 302
902 186
903 630
904 855
905 908
906 327
907 82
908 579
909 187
910 242
911 234
912 415
913 946
914 505
915 760
916 919
917 248
918 398
919 346
920 604
921 379
922 303
923 199
924 519
925 271
926 249
927 587
928 299
929 825
930 297
931 690
932 808
933 247
934 104
935 818
936 931
937 694
938 515
939 901
940 795
941 215
942 259
943 989
944 762
945 239
946 853
947 380
948 771
949 626
950 654
951 931
952 245
953 606
954 578
955 30
956 595
957 764
958 369
959 701
960 521
961 593
962 505
963 308
964 720
965 62
966 694
967 383
968 323
969 33
970 704
971 149
972 361
973 369
974 735
975 446
976 833
977 25
978 815
979 863
980 487
981 487
982 797
983 68
984 276
985 422
986 351
987 530
988 525
989 546
990 988
991 26
992 280
993 292
994 551
995 620
996 944
997 31
998 796
999 56
1000 288
1001 279
1002 665
1003 862
1004 136
1005 525
1006 593
1007 790
1008 568
1009 64
1010 736
1011 605
1012 246
1013 496
1014 297
1015 669
1016 590
1017 357
1018 255
1019 181
1020 857
1021 675
1022 655
1023 445
1024 821
1025 128
1026 266
1027 19
1028 710
1029 865
1030 889
1031 158
1032 205
1033 0
1034 777
1035 521
1036 842
1037 223
1038 653
1039 721
1040 885
1041 6
1042 585
1043 941
1044 823
1045 353
1046 546
1047 476
1048 933
1049 154
1050 834
1051 790
1052 996
1053 757
1054 633
1055 377
1056 132
1057 479
1058 939
1059 501
1060 874
1061 482
1062 719
1063 647
1064 98
1065 537
1066 694
1067 371
1068 113
1069 6
1070 327
1071 63
1072 269
1073 523
1074 684
1075 30
1076 718
1077 701
1078 618
1079 235
1080 550
1081 461
1082 328
1083 940
1084 387
1085 419
1086 721
1087 517
1088 653
1089 152
1090 170
1091 678
1092 167
1093 38
1094 188
1095 412
1096 412
1097 825
1098 256
1099 10
1100 810
1101 17
1102 564
1103 626
1104 607
1105 679
1106 687
1107 4
1108 515
1109 285
1110 275
1111 119
1112 90
1113 763
1114 718
1115 696
1116 943
1117 33
1118 319
1119 817
1120 240
1121 878
1122 974
1123 47
1124 683
1125 216
1126 484
1127 828
1128 35
1129 451
1130 655
1131 209
1132 568
1133 843
1134 51
1135 315
1136 276
1137 562
1138 805
1139 355
1140 504
1141 354
1142 227
1143 400
1144 752
1145 576
1146 12
1147 560
1148 723
1149 676
1150 758
1151 726
1152 376
1153 67
1154 129
1155 505
1156 626
1157 751
1158 465
1159 546
1160 575
1161 967
1162 853
1163 0
1164 607
1165 611
1166 652
1167 491
1168 478
1169 152
1170 285
1171 578
1172 550
1173 324
1174 639
1175 374
1176 683
1177 882
1178 791
1179 672
1180 871
1181 360
1182 865
1183 670
1184 631
1185 806
1186 781
1187 118
1188 300
1189 213
1190 295
1191 547
1192 882
1193 459
1194 243
1195 996
1196 786
1197 333
1198 111
1199 582
1200 832
1201 458
1202 137
1203 62
1204 210
1205 681
1206 895
1207 530
1208 631
1209 821
1210 991
1211 267
1212 789
1213 494
1214 785
1215 791
1216 377
1217 113
1218 298
1219 135
1220 355
1221 45
1222 327
1223 437
1224 827
1225 353
1226 566
1227 979
1228 908
1229 497
1230 996
1231 940
1232 204
1233 882
1234 112
1235 231
1236 99
1237 143
1238 601
1239 977
1240 843
1241 625
1242 949
1243 377
1244 568
1245 609
1246 56
1247 932
1248 749
1249 436
1250 372
1251 255
1252 279
1253 839
1254 236
1255 995
1256 320
1257 485
1258 79
1259 722
1260 276
1261 918
1262 893
1263 958
1264 799
1265 855
1266 929
1267 940
1268 513
1269 60
1270 845
1271 114
1272 213
1273 809
1274 691
1275 787
1276 676
1277 325
1278 925
1279 873
1280 856
1281 405
1282 369
1283 145
1284 141
1285 871
1286 403
1287 972
1288 589
1289 411
1290 962
1291 72
1292 500
1293 826
1294 856
1295 422
1296 496
1297 707
1298 753
1299 111
1300 293
1301 79
1302 710
1303 556
1304 682
1305 611
1306 473
1307 239
1308 879
1309 571
1310 925
1311 812
1312 243
1313 831
1314 933
1315 205
1316 584
1317 883
1318 548
1319 137
1320 702
1321 971
1322 992
1323 277
1324 551
1325 215
1326 99
1327 129
1328 436
1329 794
1330 923
1331 626
1332 944
1333 46
1334 26
1335 302
1336 891
1337 678
1338 569
1339 882
1340 429
1341 54
1342 692
1343 106
1344 606
1345 961
1346 842
1347 587
1348 69
1349 115
1350 617
1351 577
1352 343
1353 103
1354 451
1355 567
1356 67
1357 439
1358 947
1359 741
1360 856
1361 875
1362 927
1363 471
1364 6
1365 165
1366 385
1367 161
1368 73
1369 5
1370 313
1371 984
1372 490
1373 982
1374 38
1375 254
1376 747
1377 974
1378 105
1379 458
1380 366
1381 587
1382 911
1383 244
1384 837
1385 906
1386 298
1387 982
1388 911
1389 49
1390 30
1391 901
1392 180
1393 739
1394 634
1395 126
1396 667
1397 405
1398 397
1399 428
1400 211
1401 123
1402 388
1403 878
1404 822
1405 30
1406 270
1407 130
1408 793
1409 736
1410 315
1411 521
1412 301
1413 631
1414 475
1415 750
1416 422
1417 955
1418 577
1419 453
1420 971
1421 899
1422 728
1423 588
1424 353
1425 78
1426 766
1427 206
1428 636
1429 157
1430 197
1431 798
1432 430
1433 539
1434 368
1435 171
1436 709
1437 562
1438 767
1439 473
1440 655
1441 797
1442 259
1443 776
1444 745
1445 676
1446 726
1447 421
1448 773
1449 860
1450 85
1451 125
1452 223
1453 482
1454 869
1455 733
1456 428
1457 617
1458 631
1459 353
1460 260
1461 144
1462 209
1463 547
1464 652
1465 424
1466 504
1467 197
1468 143
1469 98
1470 794
1471 619
1472 740
1473 648
1474 759
1475 543
1476 861
1477 275
1478 344
1479 589
1480 782
1481 87
1482 290
1483 946
1484 31
1485 526
1486 677
1487 75
1488 407
1489 484
1490 97
1491 379
1492 889
1493 572
1494 147
1495 953
1496 492
1497 551
1498 767
1499 720
1500 249
1501 39
1502 578
1503 486
1504 911
1505 214
1506 784
1507 724
1508 593
1509 391
1510 398
1511 144
1512 576
1513 13
1514 490
1515 486
1516 704
1517 843
1518 963
1519 270
1520 320
1521 842
1522 820
1523 655
1524 499
1525 544
1526 283
1527 966
1528 407
1529 482
1530 140
1531 889
1532 973
1533 630
1534 629
1535 813
1536 704
1537 614
1538 800
1539 319
1540 414
1541 930
1542 734
1543 327
1544 794
1545 247
1546 234
1547 24
1548 304
1549 419
1550 576
1551 259
1552 570
1553 763
1554 724
1555 756
1556 556
1557 713
1558 949
1559 133
1560 100
1561 12
1562 153
1563 442
1564 5
1565 185
1566 310
1567 642
1568 785
1569 154
1570 368
1571 199
1572 315
1573 520
1574 611
1575 785
1576 112
1577 188
1578 982
1579 872
1580 699
1581 764
1582 98
1583 871
1584 516
1585 351
1586 724
1587 349
1588 137
1589 190
1590 297
1591 772
1592 163
1593 849
1594 675
1595 162
1596 968
1597 554
1598 658
1599 54
1600 664
1601 583
1602 3
1603 115
1604 49
1605 545
1606 579
1607 862
1608 15
1609 841
1610 25
1611 956
1612 870
1613 498
1614 791
1615 684
1616 309
1617 124
1618 709
1619 337
1620 297
1621 703
1622 311
1623 391
1624 983
1625 559
1626 958
1627 577
1628 841
1629 846
1630 456
1631 155
1632 655
1633 589
1634 273
1635 969
1636 627
1637 427
1638 618
1639 149
1640 826
1641 880
1642 644
1643 646
1644 466
1645 207
1646 789
1647 140
1648 981
1649 633
1650 764
1651 249
1652 687
1653 3
1654 62
1655 364
1656 885
1657 754
1658 920
1659 916
1660 643
1661 392
1662 556
1663 310
1664 93
1665 558
1666 153
1667 328
1668 58
1669 159
1670 517
1671 285
1672 976
1673 962
1674 532
1675 833
1676 610
1677 528
1678 552
1679 901
1680 783
1681 343
1682 653
1683 883
1684 421
1685 519
1686 219
1687 856
1688 537
1689 526
1690 692
1691 315
1692 365
1693 972
1694 446
1695 631
1696 790
1697 567
1698 625
1699 194
1700 343
1701 86
1702 514
1703 0
1704 529
1705 289
1706 454
1707 260
1708 954
1709 499
1710 556
1711 462
1712 766
1713 758
1714 542
1715 199
1716 199
1717 269
1718 805
1719 989
1720 594
1721 142
1722 402
1723 269
1724 148
1725 282
1726 75
1727 711
1728 748
1729 639
1730 533
1731 18
1732 719
1733 938
1734 174
1735 417
1736 960
1737 424
1738 162
1739 100
1740 987
1741 153
1742 239
1743 8
1744 627
1745 796
1746 979
1747 455
1748 668
1749 16
1750 211
1751 271
1752 604
1753 976
1754 219
1755 337
1756 715
1757 652
1758 924
1759 606
1760 127
1761 244
1762 686
1763 966
1764 151
1765 111
1766 525
1767 597
1768 173
1769 352
1770 563
1771 787
1772 586
1773 360
1774 203
1775 530
1776 787
1777 414
1778 120
1779 605
1780 47
1781 674
1782 450
1783 266
1784 151
1785 701
1786 642
1787 95
1788 52
1789 17
1790 326
1791 78
1792 447
1793 46
1794 208
1795 438
1796 76
1797 202
1798 442
1799 337
1800 784
1801 795
1802 134
1803 90
1804 828
1805 925
1806 655
1807 177
1808 734
1809 488
1810 208
1811 937
1812 991
1813 967
1814 668
1815 517
1816 259
1817 729
1818 40
1819 341
1820 339
1821 138
1822 35
1823 72
1824 58
1825 912
1826 143
1827 834
1828 397
1829 788
1830 282
1831 221
1832 636
1833 773
1834 584
1835 449
1836 41
1837 933
1838 106
1839 876
1840 607
1841 935
1842 301
1843 965
1844 708
1845 333
1846 901
1847 722
1848 37
1849 894
1850 441
1851 550
1852 127
1853 71
1854 55
1855 457
1856 849
1857 154
1858 306
1859 568
1860 723
1861 460
1862 764
1863 913
1864 582
1865 423
1866 770
1867 549
1868 109
1869 340
1870 316
1871 184
1872 35
1873 88
1874 248
1875 571
1876 333
1877 87
1878 86
1879 150
1880 584
1881 397
1882 573
1883 574
1884 775
1885 885
1886 702
1887 9
1888 209
1889 35
1890 386
1891 339
1892 865
1893 105
1894 106
1895 709
1896 502
1897 54
1898 864
1899 152
1900 32
1901 822
1902 489
1903 405
1904 220
1905 329
1906 915
1907 399
1908 541
1909 821
1910 320
1911 322
1912 135
1913 989
1914 156
1915 604
1916 124
1917 635
1918 932
1919 647
1920 239
1921 520
1922 298
1923 643
1924 579
1925 438
1926 410
1927 333
1928 583
1929 470
1930 767
1931 173
1932 729
1933 865
1934 725
1935 945
1936 279
1937 956
1938 667
1939 492
1940 416
1941 68
1942 365
1943 928
1944 458
1945 414
1946 438
1947 364
1948 434
1949 577
1950 909
1951 919
1952 217
1953 276
1954 788
1955 544
1956 559
1957 784
1958 290
1959 985
1960 841
1961 525
1962 772
1963 13
1964 92
1965 114
1966 709
1967 925
1968 827
1969 315
1970 93
1971 186
1972 571
1973 204
1974 411
1975 2
1976 509
1977 93
1978 987
1979 575
1980 558
1981 642
1982 826
1983 734
1984 307
1985 922
1986 281
1987 686
1988 678
1989 111
1990 764
1991 638
1992 896
1993 944
1994 483
1995 136
1996 297
1997 968
1998 660
1999 43
2000 817
2001 176
2002 982
2003 251
2004 514
2005 609
2006 84
2007 344
2008 327
2009 66
2010 732
2011 650
2012 379
2013 156
2014 980
2015 352
2016 520
2017 531
2018 989
2019 564
2020 485
2021 312
2022 379
2023 590
2024 994
2025 380
2026 976
2027 897
2028 352
2029 420
2030 531
2031 679
2032 623
2033 353
2034 554
2035 286
2036 269
2037 72
2038 701
2039 195
2040 188
2041 181
2042 252
2043 657
2044 487
2045 806
2046 89
2047 618
2048 928
2049 382
2050 258
2051 38
2052 943
2053 736
2054 602
2055 254
2056 287
2057 732
2058 219
2059 623
2060 910
2061 156
2062 450
2063 261
2064 381
2065 589
2066 935
2067 354
2068 240
2069 448
2070 786
2071 158
2072 998
2073 526
2074 316
2075 516
2076 109
2077 862
2078 866
2079 446
2080 128
2081 959
2082 175
2083 101
2084 429
2085 973
2086 450
2087 214
2088 350
2089 704
2090 729
2091 941
2092 321
2093 898
2094 418
2095 872
2096 574
2097 672
2098 885
2099 879
2100 333
2101 569
2102 820
2103 369
2104 947
2105 127
2106 674
2107 455
2108 294
2109 646
2110 837
2111 552
2112 948
2113 202
2114 419
2115 892
2116 971
2117 883
2118 374
2119 519
2120 963
2121 623
2122 497
2123 360
2124 938
2125 999
2126 257
2127 113
2128 868
2129 821
2130 776
2131 787
2132 324
2133 394
2134 258
2135 926
2136 408
2137 880
2138 94
2139 718
2140 339
2141 254
2142 418
2143 447
2144 414
2145 13
2146 362
2147 970
2148 743
2149 880
2150 395
2151 229
2152 130
2153 503
2154 144
2155 94
2156 671
2157 289
2158 805
2159 209
2160 200
2161 304
2162 819
2163 895
2164 473
2165 424
2166 783
2167 554
2168 86
2169 739
2170 657
2171 513
2172 471
2173 523
2174 231
2175 664
2176 959
2177 996
2178 423
2179 822
2180 811
2181 463
2182 485
2183 217
2184 355
2185 351
2186 344
2187 146
2188 799
2189 166
2190 361
2191 375
2192 117
2193 317
2194 543
2195 553
2196 397
2197 355
2198 814
2199 534
2200 415
2201 160
2202 294
2203 219
2204 780
2205 250
2206 677
2207 249
2208 887
2209 472
2210 672
2211 635
2212 123
2213 1
2214 202
2215 216
2216 167
2217 741
2218 481
2219 638
2220 17
2221 945
2222 383
2223 422
2224 357
2225 113
2226 521
2227 540
2228 185
2229 985
2230 269
2231 873
2232 213
2233 785
2234 574
2235 844
2236 395
2237 665
2238 757
2239 495
2240 84
2241 717
2242 680
2243 313
2244 751
2245 762
2246 575
2247 112
2248 894
2249 617
2250 571
2251 386
2252 749
2253 452
2254 435
2255 619
2256 693
2257 372
2258 347
2259 199
2260 769
2261 373
2262 572
2263 728
2264 575
2265 380
2266 749
2267 720
2268 921
2269 150
2270 146
2271 924
2272 980
2273 473
2274 622
2275 738
2276 390
2277 198
2278 237
2279 499
2280 688
2281 366
2282 424
2283 730
2284 697
2285 866
2286 382
2287 802
2288 16
2289 831
2290 866
2291 834
2292 538
2293 245
2294 908
2295 77
2296 26
2297 26
2298 40
2299 466
2300 113
2301 207
2302 510
2303 527
2304 760
2305 691
2306 630
2307 295
2308 94
2309 474
2310 805
2311 473
2312 797
2313 124
2314 58
2315 616
2316 653
2317 815
2318 834
2319 737
2320 671
2321 159
2322 649
2323 349
2324 213
2325 653
2326 739
2327 644
2328 921
2329 559
2330 179
2331 187
2332 813
2333 676
2334 81
2335 248
2336 826
2337 539
2338 397
2339 631
2340 274
2341 253
2342 521
2343 678
2344 93
2345 345
2346 366
2347 923
2348 552
2349 722
2350 847
2351 729
2352 46
2353 83
2354 721
2355 140
2356 955
2357 878
2358 556
2359 71
2360 92
2361 252
2362 198
2363 931
2364 123
2365 212
2366 474
2367 717
2368 513
2369 648
2370 27
2371 674
2372 939
2373 727
2374 131
2375 609
2376 845
2377 609
2378 30
2379 42
2380 776
2381 401
2382 868
2383 481
2384 409
2385 765
2386 541
2387 235
2388 745
2389 594
2390 892
2391 342
2392 749
2393 760
2394 472
2395 389
2396 845
2397 996
2398 763
2399 238
2400 43
2401 615
2402 138
2403 904
2404 191
2405 901
2406 19
2407 156
2408 742
2409 690
2410 687
2411 706
2412 712
2413 895
2414 927
2415 207
2416 994
2417 424
2418 227
2419 691
2420 991
2421 268
2422 580
2423 451
2424 630
2425 305
2426 3
2427 854
2428 153
2429 711
2430 801
2431 23
2432 746
2433 754
2434 217
2435 862
2436 967
2437 120
2438 592
2439 403
2440 168
2441 870
2442 342
2443 67
2444 558
2445 580
2446 89
2447 989
2448 338
2449 218
2450 34
2451 229
2452 405
2453 823
2454 259
2455 334
2456 397
2457 116
2458 966
2459 422
2460 530
2461 758
2462 788
2463 680
2464 513
2465 96
2466 219
2467 922
2468 31
2469 860
2470 913
2471 675
2472 729
2473 497
2474 37
2475 30
2476 374
2477 501
2478 149
2479 391
2480 869
2481 365
2482 80
2483 128
2484 116
2485 541
2486 137
2487 31
2488 291
2489 116
2490 496
2491 448
2492 945
2493 729
2494 96
2495 943
2496 516
2497 641
2498 422
2499 306
2500 218
2501 751
2502 586
2503 837
2504 23
2505 804
2506 760
2507 824
2508 395
2509 975
2510 573
2511 318
2512 740
2513 522
2514 329
2515 371
2516 40
2517 224
2518 997
2519 118
2520 26
2521 863
2522 729
2523 248
2524 285
2525 123
2526 339
2527 662
2528 164
2529 857
2530 529
2531 352
2532 930
2533 864
2534 889
2535 842
2536 667
2537 969
2538 617
2539 840
2540 582
2541 428
2542 702
2543 123
2544 919
2545 409
2546 812
2547 28
2548 498
2549 596
2550 457
2551 374
2552 941
2553 735
2554 92
2555 53
2556 35
2557 319
2558 695
2559 38
2560 317
2561 437
2562 21
2563 27
2564 874
2565 246
2566 157
2567 527
2568 574
2569 432
2570 240
2571 703
2572 427
2573 494
2574 194
2575 973
2576 526
2577 686
2578 108
2579 905
2580 84
2581 967
2582 478
2583 707
2584 400
2585 372
2586 841
2587 217
2588 209
2589 793
2590 476
2591 105
2592 750
2593 290
2594 757
2595 697
2596 60
2597 695
2598 416
2599 663
2600 471
2601 454
2602 459
2603 608
2604 12
2605 361
2606 720
2607 456
2608 417
2609 78
2610 71
2611 433
2612 781
2613 135
2614 124
2615 327
2616 439
2617 362
2618 855
2619 668
2620 533
2621 591
2622 950
2623 469
2624 862
2625 800
2626 829
2627 142
2628 40
2629 797
2630 269
2631 254
2632 679
2633 934
2634 212
2635 890
2636 311
2637 360
2638 913
2639 442
2640 23
2641 754
2642 808
2643 809
2644 336
2645 546
2646 568
2647 164
2648 670
2649 181
2650 674
2651 609
2652 870
2653 45
2654 412
2655 293
2656 637
2657 327
2658 666
2659 823
2660 405
2661 209
2662 27
2663 78
2664 135
2665 472
2666 711
2667 863
2668 749
2669 819
2670 562
2671 193
2672 437
2673 948
2674 905
2675 387
2676 869
2677 698
2678 356
2679 549
2680 425
2681 378
2682 787
2683 480
2684 906
2685 745
2686 505
2687 528
2688 860
2689 950
2690 382
2691 400
2692 525
2693 187
2694 94
2695 495
2696 666
2697 679
2698 858
2699 891
2700 6
2701 145
2702 57
2703 724
2704 750
2705 840
2706 906
2707 321
2708 749
2709 803
2710 909
2711 128
2712 156
2713 21
2714 176
2715 155
2716 80
2717 759
2718 795
2719 405
2720 576
2721 479
2722 382
2723 496
2724 544
2725 373
2726 601
2727 485
2728 515
2729 747
2730 912
2731 722
2732 72
2733 183
2734 90
2735 413
2736 640
2737 678
2738 40
2739 459
2740 706
2741 690
2742 287
2743 44
2744 91
2745 377
2746 102
2747 400
2748 761
2749 102
2750 584
2751 165
2752 803
2753 696
2754 214
2755 715
2756 623
2757 825
2758 289
2759 953
2760 116
2761 255
2762 399
2763 65
2764 556
2765 798
2766 597
2767 862
2768 205
2769 156
2770 199
2771 479
2772 203
2773 965
2774 198
2775 350
2776 124
2777 855
2778 148
2779 576
2780 682
2781 454
2782 990
2783 47
2784 493
2785 864
2786 670
2787 908
2788 432
2789 296
2790 644
2791 274
2792 114
2793 240
2794 280
2795 422
2796 235
2797 729
2798 957
2799 7
2800 53
2801 41
2802 166
2803 285
2804 55
2805 415
2806 250
2807 690
2808 971
2809 194
2810 510
2811 591
2812 620
2813 134
2814 264
2815 523
2816 744
2817 470
2818 141
2819 692
2820 895
2821 774
2822 279
2823 92
2824 644
2825 503
2826 367
2827 161
2828 867
2829 678
2830 434
2831 475
2832 638
2833 46
2834 88
2835 646
2836 293
2837 669
2838 470
2839 219
2840 569
2841 902
2842 532
2843 109
2844 327
2845 315
2846 362
2847 783
2848 263
2849 236
2850 217
2851 212
2852 182
2853 256
2854 570
2855 363
2856 855
2857 180
2858 988
2859 851
2860 243
2861 658
2862 881
2863 202
2864 849
2865 957
2866 212
2867 89
2868 285
2869 104
2870 55
2871 774
2872 720
2873 943
2874 500
2875 998
2876 708
2877 497
2878 765
2879 469
2880 78
2881 359
2882 542
2883 163
2884 951
2885 786
2886 539
2887 662
2888 681
2889 547
2890 898
2891 839
2892 493
2893 585
2894 677
2895 287
2896 842
2897 13
2898 854
2899 41
2900 105
2901 0
2902 382
2903 300
2904 998
2905 676
2906 683
2907 41
2908 257
2909 225
2910 553
2911 664
2912 498
2913 20
2914 914
2915 51
2916 844
2917 734
2918 984
2919 722
2920 871
2921 92
2922 449
2923 79
2924 641
2925 127
2926 932
2927 102
2928 132
2929 524
2930 632
2931 219
2932 148
2933 951
2934 271
2935 520
2936 893
2937 42
2938 619
2939 883
2940 732
2941 61
2942 724
2943 123
2944 325
2945 133
2946 639
2947 716
2948 228
2949 330
2950 871
2951 237
2952 256
2953 823
2954 2
2955 211
2956 412
2957 792
2958 925
2959 657
2960 926
2961 755
2962 942
2963 275
2964 1
2965 519
2966 489
2967 860
2968 211
2969 7
2970 659
2971 241
2972 88
2973 799
2974 767
2975 762
2976 321
2977 343
2978 135
2979 91
2980 189
2981 445
2982 960
2983 908
2984 280
2985 833
2986 593
2987 890
2988 289
2989 280
2990 809
2991 208
2992 714
2993 47
2994 685
2995 681
2996 559
2997 142
2998 510
2999 620
